65.5 +12

# Undertale: Once Upon A Time
0 3 16
0 4 16
7 3 16
0 0 16

5 3 16
0 4 16
0 3 16
0 0 16

0 3 16
5 3 16
0 4 16
2 4 16
0 4 16
7 3 16
5 3 16
0 0 16

0 3 16
0 4 16
7 3 16
0 0 16

5 3 16
0 4 16
0 3 16
0 0 16

0 3 16
5 3 16
0 4 16
2 4 16
0 4 16
7 3 16
5 3 16
0 0 8

10 2 2
11 2 2
0 3 24
0 4 12
9 3 12
7 3 12
5 3 8
4 3 8
5 3 8
7 3 16
4 4 12
3 4 2
2 4 2
0 4 32

2 3 24
0 4 12
9 3 12
7 3 12
5 3 8
7 3 8
9 3 8
4 3 16
7 3 16
7 3 8
5 3 8
4 3 8
5 3 8

0 3 24
0 4 12
9 3 12
7 3 12
5 3 8
4 3 8
5 3 8
7 3 16
4 4 12
3 4 2
2 4 2
0 4 32

2 3 24
0 4 12
9 3 12
7 3 12
5 3 8
7 3 8
9 3 8
4 3 16
7 3 16

7 3 8
5 3 8
4 3 8
5 3 8

0 5 12
5 4 12
7 4 12
5 4 12
11 3 12
5 4 12
7 4 12
5 4 12
10 3 12
5 4 12
7 4 12
10 4 12
9 4 12
7 4 12
5 4 12
0 4 12

0 5 12
5 4 12
7 4 12
5 4 12
11 3 12
5 4 12
7 4 12
5 4 12
9 3 12
5 4 12
7 4 12
10 4 12
9 4 12
7 4 12
5 4 12
0 4 12

0 5 12
5 4 12
7 4 12
5 4 12
11 3 12
5 4 12
7 4 12
5 4 12
10 3 12
5 4 12
7 4 12
10 4 12
9 4 12
7 4 12
5 4 12
0 4 12

0 5 12
5 4 12
7 4 12
5 4 12
11 3 12
5 4 12
7 4 12
5 4 12
10 3 12
5 4 12
7 4 12
10 4 12
9 4 12
7 4 12
5 4 12
