115.26 0

# Grasswalk from <Plants Vs. Zombies>
9  4  8
0  0  8
3  5  8
4  5  8

9  5  8
0  0  8
4  4  16

9  4  8
0  0  8
3  5  8
4  5  8
7  5  8
6  5  8
5  5  8
4  5  8

9  6  8
8  6  8
4  6  8
7  6  8
6  6  8
2  6  8
5  6  8
4  6  8
0  6  16
0  0  16
5  4  8
6  4  8
7  4  8
8  4  8

9  4  8
0  0  8
3  5  8
4  5  8

9  5  8
0  0  8
4  4  16

9  4  8
0  0  8
3  5  8
4  5  8
7  5  8
6  5  8
5  5  8
4  5  8

9  6  8
8  6  8
4  6  8
7  6  8
6  6  8
2  6  8
5  6  8
4  6  8
0  6  16
0  0  24
5  4  8
4  4  8
3  4  8

2  5  48
4  5  8
5  5  8
4  5  16
-1 5  16
4  5  16
2  5  16
0  5  32
4  5  32
9  5  64

9  5  8
8  5  8
9  5  8
11 5  8
0  6  16
0  0  16
9  5  8
8  5  8
9  5  8
11 5  8
0  6  16
2  6  16
11 5  32
4  5  32
8  5  32
11 5  16
4  6  16

9  5  16
0  0  8
11 5  8
0  6  8
4  5  8
0  6  8
11 5  8
9  5  16
0  0  8
11 5  8
0  6  8
2  6  8
0  6  8
11 5  8
9  5  16
0  0  8
11 5  8
0  6  8
4  5  8
0  6  8
11 5  8
9  5  32
11 5  32

9  5  16
0  0  8
11 5  8
0  6  8
4  5  8
0  6  8
11 5  8
9  5  16
0  0  8
11 5  8
0  6  8
2  6  8
0  6  8
11 5  8
9  5  16
0  0  8
11 5  8
0  6  8
4  5  8
0  6  8
11 5  8
9  5  32
7  5  32

9  5  16
0  0  8
4  5  8
9  5  16
4  4  16
9  4  16
0  0  16
4  4  8
5  4  8
6  4  8
7  4  8
9  4  16
0  0  8
4  5  8
9  5  16
4  4  16
9  4  16
0  0  16
4  4  8
5  4  8
6  4  8
7  4  8

9  4  16
0  5  16
4  4  16
0  5  16
9  4  16
0  5  16
4  4  16
0  5  16
9  4  16
0  5  16
7  5  16
0  5  16
2  5  16
2  5  16
0  5  16
11 4  16
9  4  16
0  5  16
11 4  16
2  5  16
0  5  16
4  5  16
5  5  16
2  5  16
9  4  16
0  5  16
4  4  16
11 4  16
9  4  16
0  5  16
4  5  8
2  5  8
0  5  8
11 4  8

9  4  16
0  5  16
4  4  16
0  0  16
9  4  16
0  5  16
4  4  16
0  0  16
9  4  16
0  5  16
7  5  16
0  5  16
2  5  8
0  0  8
0  5  8
0  0  8
11 4  16
0  0  16
9  4  16
0  5  16
11 4  16
2  5  16
0  5  16
4  5  16
5  5  16
2  5  16
4  5  8
0  0  8
0  5  8
9  4  8
11 4  16
0  5  16
9  4  16
0  5  16
4  5  8
2  5  8
0  5  8
11 4  8

4  4  16
9  4  8
0  5  8
4  5  16
5  5  16
4  5  24
0  5  8
9  4  24
4  5  8
9  5  8
8  5  8
4  5  8
0  0  8
7  5  8
4  5  8
0  5  8
0  0  8
2  5  8
9  4  8
2  5  8
0  5  8
11 4  16
0  0  16
3  4  8
4  4  8
9  4  16
7  4  16
5  4  16
4  4  16
9  4  16
0  5  16
2  5  16
4  5  32
0  0  32


